l = 5;
k = 13;
m1 = 16;
m2 = 1;
